"","Province","Date","negative","presumptive_negative","under_investigation","presumptive_positive","confirmed_positive","resolved","deceased","total_testing","Hospitalization","ICU","source","Note","calcTotal","bestTotal","calcCumCases","incidence"
"1","ON",2020-02-15,418,0,0,0,2,1,0,421,NA,NA,"WBM",NA,421,421,3,NA
"2","ON",2020-02-18,418,0,0,0,2,1,0,421,NA,NA,"WBM",NA,421,421,3,0
"3","ON",2020-02-20,436,0,17,0,2,1,0,456,NA,NA,"WBM",NA,456,456,3,0
"4","ON",2020-02-24,540,NA,9,0,1,3,0,553,NA,NA,"WBM",NA,553,553,4,1
"5","ON",2020-02-26,610,NA,14,1,1,3,0,629,NA,NA,"WBM",NA,629,629,5,1
"6","ON",2020-02-28,610,NA,14,1,1,3,0,629,NA,NA,"WBM",NA,629,629,5,0
"7","ON",2020-03-04,1466,NA,78,NA,18,4,0,1566,NA,NA,"WBM",NA,1566,1566,22,17
"8","ON",2020-03-05,1466,NA,78,NA,18,4,0,1566,NA,NA,"WBM",NA,1566,1566,22,0
"9","ON",2020-03-06,1665,NA,72,NA,22,4,0,1763,NA,NA,"WBM",NA,1763,1763,26,4
"10","ON",2020-03-08,1918,NA,36,NA,24,4,0,1982,NA,NA,"WBM",NA,1982,1982,28,2
"11","ON",2020-03-09,2347,NA,22,NA,30,4,0,2403,NA,NA,"WBM",NA,2403,2403,34,6
"12","ON",2020-03-10,2347,NA,22,NA,31,4,0,2404,NA,NA,"WBM",NA,2404,2404,35,1
"13","ON",2020-03-11,2888,NA,465,NA,36,5,0,3394,NA,NA,"WBM",NA,3394,3394,41,6
"14","ON",2020-03-12,2888,NA,465,NA,37,5,0,3395,NA,NA,"WBM",NA,3395,3395,42,1
"15","ON",2020-03-13,5606,NA,939,NA,96,5,0,6646,NA,NA,"WBM",NA,6646,6646,101,59
"16","ON",2020-03-14,5606,NA,939,NA,98,5,0,6648,NA,NA,"https://www.ontario.ca/page/2019-novel-coronavirus",NA,6648,6648,103,2
"17","ON",2020-03-15,7004,NA,1316,NA,140,5,0,8465,NA,NA,"Input",NA,8465,8465,145,42
"18","ON",2020-03-16,8464,NA,1537,NA,172,5,0,10178,NA,NA,"Input",NA,10178,10178,177,32
"19","ON",2020-03-17,9415,NA,1567,NA,183,5,1,11171,NA,NA,"Input",NA,11171,11171,189,12
"20","ON",2020-03-18,10305,NA,3378,NA,208,5,1,13897,NA,NA,"Input",NA,13897,13897,214,25
"21","ON",2020-03-19,12421,NA,3971,NA,251,5,2,16650,NA,NA,"Input",NA,16650,16650,258,44
"22","ON",2020-03-20,13718,NA,5475,NA,311,5,2,19511,NA,NA,"Input",NA,19511,19511,318,60
"23","ON",2020-03-21,15768,NA,7239,NA,368,6,3,23384,NA,NA,"Input",NA,23384,23384,377,59
"24","ON",2020-03-22,17634,NA,8361,NA,412,8,5,26420,NA,NA,"Input",NA,26420,26420,425,48
"25","ON",2020-03-23,19586,NA,8417,NA,489,8,6,28506,NA,NA,"Input",NA,28506,28506,503,78
"26","ON",2020-03-24,21795,NA,10074,NA,572,8,8,32457,NA,NA,"Input",NA,32457,32457,588,85
"27","ON",2020-03-25,24458,NA,10489,NA,667,8,13,35635,NA,NA,"Input",NA,35635,35635,688,100
"28","ON",2020-03-26,26727,NA,10965,NA,835,8,15,38550,NA,NA,"Input",NA,38550,38550,858,170
"29","ON",2020-03-27,29967,NA,10074,NA,967,8,18,41032,NA,NA,"Input",NA,41034,41034,993,135
"30","AB",2020-02-14,76,NA,NA,0,0,NA,0,76,NA,NA,"WBM",NA,76,76,0,NA
"31","AB",2020-02-21,117,NA,NA,0,0,NA,0,117,NA,NA,"WBM",NA,117,117,0,0
"32","AB",2020-02-28,173,NA,NA,0,0,NA,0,173,NA,NA,"WBM",NA,173,173,0,0
"33","AB",2020-03-06,375,NA,NA,0,4,NA,0,NA,NA,NA,"WBM",NA,379,379,4,4
"34","AB",2020-03-09,1452,NA,NA,0,7,NA,0,NA,NA,NA,"WBM",NA,1459,1459,7,3
"35","AB",2020-03-10,2004,NA,NA,0,14,NA,0,NA,NA,NA,"WBM",NA,2018,2018,14,7
"36","AB",2020-03-11,2600,NA,NA,0,19,NA,0,NA,NA,NA,"WBM",NA,2619,2619,19,5
"37","AB",2020-03-13,5429,NA,NA,0,29,NA,0,NA,NA,NA,"WBM",NA,5458,5458,29,10
"38","AB",2020-03-14,7069,NA,NA,0,39,NA,0,NA,NA,NA,"https://www.alberta.ca/coronavirus-info-for-albertans.aspx",NA,7108,7108,39,10
"39","AB",2020-03-15,7069,NA,NA,0,56,NA,0,NA,NA,NA,"Input",NA,7125,7125,56,17
"40","AB",2020-03-16,10524,NA,NA,0,74,NA,0,NA,NA,NA,"Input",NA,10598,10598,74,18
"41","AB",2020-03-17,12258,NA,NA,0,97,NA,0,NA,NA,NA,"Input",NA,12355,12355,97,23
"42","AB",2020-03-18,14447,NA,NA,0,119,NA,0,NA,NA,NA,"Input",NA,14566,14566,119,22
"43","AB",2020-03-19,16867,NA,NA,0,146,NA,1,NA,NA,NA,"Input",NA,17014,17014,147,28
"44","AB",2020-03-20,20165,NA,NA,0,195,NA,1,NA,NA,NA,"Input",NA,20361,20361,196,49
"45","AB",2020-03-21,23516,NA,NA,0,226,NA,1,NA,NA,NA,"https://www.alberta.ca/covid-19-alberta-data.aspx",NA,23743,23743,227,31
"46","AB",2020-03-22,26740,NA,NA,0,259,NA,1,NA,NA,NA,"Input",NA,27000,27000,260,33
"47","AB",2020-03-23,29757,NA,NA,0,301,NA,1,NA,NA,NA,"Input",NA,30059,30059,302,42
"48","AB",2020-03-24,32418,NA,NA,0,358,NA,2,NA,NA,NA,"Input",NA,32778,32778,360,58
"49","AB",2020-03-25,35089,NA,NA,0,419,NA,2,NA,NA,NA,"Input",NA,35510,35510,421,61
"50","AB",2020-03-26,36174,NA,NA,0,486,NA,2,NA,NA,NA,"Input",NA,36662,36662,488,67
"51","AB",2020-03-27,37673,NA,NA,0,542,NA,2,NA,NA,NA,"Input",NA,38217,38217,544,56
"52","QC",2020-03-04,203,NA,33,0,1,NA,0,NA,NA,NA,"WBM",NA,237,237,1,NA
"53","QC",2020-03-05,242,NA,20,1,2,NA,0,NA,NA,NA,"WBM",NA,265,265,3,2
"54","QC",2020-03-08,340,NA,10,2,2,NA,0,NA,NA,NA,"WBM",NA,354,354,4,1
"55","QC",2020-03-09,376,NA,25,1,4,NA,0,NA,NA,NA,"WBM",NA,406,406,5,1
"56","QC",2020-03-10,465,NA,91,0,7,NA,0,NA,NA,NA,"WBM",NA,563,563,7,2
"57","QC",2020-03-11,570,NA,136,0,9,NA,0,NA,NA,NA,"WBM",NA,715,715,9,2
"58","QC",2020-03-14,1399,NA,850,0,24,NA,0,NA,NA,NA,"https://www.msss.gouv.qc.ca/professionnels/maladies-infectieuses/coronavirus-2019-ncov",NA,2273,2273,24,15
"59","QC",2020-03-15,2270,NA,1480,0,39,NA,0,NA,NA,NA,"Input",NA,3789,3789,39,15
"60","QC",2020-03-16,3079,NA,3073,0,50,NA,0,NA,NA,NA,"Input",NA,6202,6202,50,11
"61","QC",2020-03-17,4778,NA,2949,0,74,NA,0,NA,NA,NA,"Input",NA,7801,7801,74,24
"62","QC",2020-03-18,5213,NA,3627,0,94,NA,1,NA,NA,NA,"Input",NA,8935,8935,95,21
"63","QC",2020-03-19,6331,NA,3997,0,121,1,1,NA,NA,NA,"Input",NA,10451,10451,123,28
"64","QC",2020-03-20,7666,NA,2403,14,139,1,1,NA,NA,NA,"Input",NA,10224,10224,155,32
"65","QC",2020-03-21,9242,NA,1512,57,181,1,4,NA,NA,NA,"Input",NA,10997,10997,243,88
"66","QC",2020-03-22,9786,NA,2063,233,219,1,4,NA,NA,NA,"Input",NA,12306,12306,457,214
"67","QC",2020-03-23,11211,NA,1888,NA,628,1,4,NA,NA,NA,"Input","The significant increase in confirmed cases is explained by the fact that, on March 22, 2020, cases tested positive by hospital center laboratories are now considered confirmed. They no longer need validation by the Quebec Public Health Laboratory (LSPQ).",13732,13732,633,176
"68","QC",2020-03-24,12202,NA,2548,NA,1013,1,4,NA,NA,NA,"Input",NA,15768,15768,1018,385
"69","QC",2020-03-25,26634,NA,2998,NA,1339,1,6,NA,NA,NA,"Input",NA,30978,30978,1346,328
"70","QC",2020-03-26,31854,NA,2622,NA,1629,1,8,NA,NA,NA,"Input",NA,36114,36114,1638,292
"71","QC",2020-03-27,32335,NA,7236,NA,2021,29,18,NA,NA,NA,"Input",NA,41639,41639,2068,430
"72","BC",2020-03-13,NA,NA,NA,NA,73,NA,0,6326,NA,NA,"http://www.bccdc.ca/health-info/diseases-conditions/covid-19/case-counts-press-statements",NA,73,6326,73,NA
"73","BC",2020-03-15,NA,NA,NA,NA,73,4,1,6326,NA,NA,"Input",NA,78,6326,78,5
"74","BC",2020-03-16,NA,NA,NA,NA,103,5,7,6326,NA,NA,"Input",NA,115,6326,115,37
"75","BC",2020-03-17,NA,NA,NA,NA,186,5,7,6326,NA,NA,"Input",NA,198,6326,198,83
"76","BC",2020-03-18,NA,NA,NA,NA,231,5,7,6326,NA,NA,"Input",NA,243,6326,243,45
"77","BC",2020-03-19,NA,NA,NA,NA,271,5,7,6326,NA,NA,"Input",NA,283,6326,283,40
"78","BC",2020-03-20,NA,NA,NA,NA,348,6,9,17912,NA,NA,"Input",NA,363,17912,363,80
"79","BC",2020-03-21,NA,NA,NA,NA,424,6,10,17912,NA,NA,"Input",NA,440,17912,440,77
"80","BC",2020-03-22,NA,NA,NA,NA,424,6,10,21296,NA,NA,"Input","Did not update",440,21296,440,0
"81","BC",2020-03-23,NA,NA,NA,NA,472,100,13,26681,NA,NA,"Input",NA,585,26681,585,145
"82","BC",2020-03-24,NA,NA,NA,NA,617,173,13,26681,NA,NA,"Input",NA,803,26681,803,218
"83","BC",2020-03-25,NA,NA,NA,NA,659,183,14,31739,NA,NA,"Input",NA,856,31739,856,53
"84","BC",2020-03-26,NA,NA,NA,NA,725,186,14,34561,NA,NA,"Input",NA,925,34561,925,69
"85","BC",2020-03-27,NA,NA,NA,NA,792,275,16,36643,NA,NA,"Input",NA,1083,36643,1083,158
"86","SK",2020-03-02,45,NA,7,0,0,NA,0,52,NA,NA,"WBM",NA,52,52,0,NA
"87","SK",2020-03-10,263,NA,22,1,0,NA,0,285,NA,NA,"WBM",NA,286,286,1,1
"88","SK",2020-03-14,452,NA,44,5,1,NA,0,499,NA,NA,"https://www.saskatchewan.ca/coronavirus",NA,502,502,6,5
"89","SK",2020-03-15,NA,NA,16,5,2,NA,0,796,NA,NA,"Input",NA,23,796,7,1
"90","SK",2020-03-16,NA,NA,46,6,2,NA,0,1107,NA,NA,"Input",NA,54,1107,8,1
"91","SK",2020-03-18,NA,NA,NA,14,2,NA,0,1978,NA,NA,"https://www.saskatchewan.ca/government/health-care-administration-and-provider-resources/treatment-procedures-and-guidelines/emerging-public-health-issues/2019-novel-coronavirus/cases-and-risk-of-covid-19-in-saskatchewan",NA,16,1978,16,8
"92","SK",2020-03-19,NA,NA,NA,12,8,NA,0,2561,NA,NA,"Input",NA,20,2561,20,4
"93","SK",2020-03-20,NA,NA,NA,18,8,NA,0,3093,NA,NA,"Input",NA,26,3093,26,6
"94","SK",2020-03-21,NA,NA,NA,25,19,NA,0,3917,NA,NA,"Input",NA,44,3917,44,18
"95","SK",2020-03-22,NA,NA,NA,33,19,NA,0,4536,NA,NA,"Input",NA,52,4536,52,8
"96","SK",2020-03-23,NA,NA,NA,1,65,NA,0,5269,NA,NA,"Input",NA,66,5269,66,14
"97","SK",2020-03-24,NA,NA,NA,NA,72,NA,0,5757,NA,NA,"Input",NA,72,5757,72,6
"98","SK",2020-03-25,NA,NA,NA,NA,86,NA,0,6270,NA,NA,"Input",NA,86,6270,86,14
"99","SK",2020-03-26,6600,NA,34,NA,95,3,0,6915,5,2,"Input","The sum does not add up because some people had multiple test",6732,6915,98,12
"100","SK",2020-03-27,7148,NA,108,NA,104,3,0,7580,4,2,"Input",NA,7363,7580,107,9
"101","MB",2020-03-11,NA,NA,NA,NA,4,NA,0,403,NA,NA,"WBM",NA,4,403,4,NA
"102","MB",2020-03-16,NA,NA,NA,NA,7,NA,0,1871,NA,NA,"https://www.gov.mb.ca/covid19/index.html",NA,7,1871,7,3
"103","MB",2020-03-17,NA,NA,NA,NA,7,8,0,2280,NA,NA,"Input",NA,15,2280,8,8
"104","MB",2020-03-18,NA,NA,NA,7,8,0,0,2912,NA,NA,"Input",NA,15,2912,8,0
"105","MB",2020-03-19,NA,NA,NA,NA,17,0,0,3270,NA,NA,"Input",NA,17,3270,8,2
"106","MB",2020-03-20,NA,NA,NA,NA,17,0,0,3534,NA,NA,"Input",NA,17,3534,8,0
"107","MB",2020-03-21,NA,NA,NA,8,11,0,0,3801,NA,NA,"Input",NA,19,3801,19,2
"108","MB",2020-03-22,NA,NA,NA,9,11,0,0,3801,NA,NA,"Input","Did not update",20,3801,20,1
"109","MB",2020-03-23,NA,NA,NA,9,11,0,0,4245,NA,NA,"Input",NA,20,4245,20,0
"110","MB",2020-03-24,NA,NA,NA,10,11,0,0,4525,NA,NA,"Input",NA,21,4525,21,1
"111","MB",2020-03-25,NA,NA,NA,24,11,0,0,4520,NA,NA,"Input","Why did total test drop by 5?",35,4520,35,14
"112","MB",2020-03-26,NA,NA,NA,25,11,0,0,5606,NA,NA,"Input",NA,36,5606,36,1
"113","MB",2020-03-27,NA,NA,NA,14,25,0,1,6203,NA,NA,"Input",NA,40,6203,40,4
"114","NL",2020-03-16,NA,NA,NA,1,NA,NA,0,NA,NA,NA,"https://www.gov.nl.ca/covid-19/",NA,1,1,1,NA
"115","NL",2020-03-18,NA,NA,NA,3,NA,NA,0,NA,NA,NA,"Input",NA,3,3,3,2
"116","NL",2020-03-19,NA,NA,NA,2,1,NA,0,NA,NA,NA,"Input",NA,3,3,3,0
"117","NL",2020-03-20,NA,NA,NA,1,3,NA,0,NA,NA,NA,"Input",NA,4,4,4,1
"118","NL",2020-03-21,895,NA,NA,3,3,NA,0,901,NA,NA,"Input",NA,901,901,6,2
"119","NL",2020-03-22,961,NA,NA,6,3,NA,0,970,NA,NA,"Input",NA,970,970,9,3
"120","NL",2020-03-23,914,NA,NA,20,4,NA,0,938,NA,NA,"Input",NA,938,938,24,15
"121","NL",2020-03-24,1096,NA,NA,31,4,NA,0,1131,NA,NA,"Input",NA,1131,1131,35,11
"122","NL",2020-03-25,1269,NA,NA,NA,67,NA,0,1336,NA,NA,"Input",NA,1336,1336,67,32
"123","NL",2020-03-25,1269,NA,NA,NA,67,NA,0,1336,NA,NA,"Input",NA,1336,1336,67,0
"124","NL",2020-03-26,1409,NA,NA,NA,82,NA,0,1491,NA,NA,"Input",NA,1491,1491,82,15
"125","NL",2020-03-27,1587,NA,NA,NA,102,NA,0,1684,NA,NA,"Input",NA,1689,1689,102,20
"126","NB",2020-02-24,4,NA,NA,NA,0,NA,0,4,NA,NA,"WBM",NA,4,4,0,NA
"127","NB",2020-03-14,18,NA,NA,1,1,NA,0,NA,NA,NA,"WBM",NA,20,20,2,2
"128","NB",2020-03-16,196,NA,NA,5,2,NA,0,NA,NA,NA,"https://www2.gnb.ca/content/gnb/en/departments/ocmoh/cdc/content/respiratory_diseases/coronavirus.html",NA,203,203,7,5
"129","NB",2020-03-17,196,NA,NA,6,2,NA,0,NA,NA,NA,"Input",NA,204,204,8,1
"130","NB",2020-03-18,370,NA,NA,9,2,NA,0,NA,NA,NA,"Input",NA,381,381,11,3
"131","NB",2020-03-19,410,NA,NA,4,7,NA,0,NA,NA,NA,"Input",NA,421,421,11,0
"132","NB",2020-03-20,509,NA,NA,4,7,NA,0,NA,NA,NA,"Input",NA,520,520,11,0
"133","NB",2020-03-21,771,NA,NA,9,8,NA,0,NA,NA,NA,"Input",NA,788,788,17,6
"134","NB",2020-03-22,841,NA,NA,9,8,NA,0,NA,NA,NA,"Input",NA,858,858,17,0
"135","NB",2020-03-23,1079,NA,NA,NA,17,NA,0,NA,NA,NA,"Input",NA,1096,1096,17,0
"136","NB",2020-03-24,1237,NA,NA,NA,18,NA,0,NA,NA,NA,"Input",NA,1255,1255,18,1
"137","NB",2020-03-25,1524,NA,NA,NA,26,NA,0,NA,NA,NA,"Input",NA,1550,1550,26,8
"138","NB",2020-03-26,1795,NA,NA,NA,33,NA,0,NA,NA,NA,"Input",NA,1828,1828,33,7
"139","NB",2020-03-27,NA,NA,NA,NA,45,NA,0,2019,NA,NA,"Input",NA,45,2019,45,12
"140","NS",2020-03-12,57,NA,NA,0,0,NA,0,NA,NA,NA,"WBM",NA,57,57,0,NA
"141","NS",2020-03-16,671,NA,NA,5,0,NA,0,NA,NA,NA,"https://novascotia.ca/coronavirus/#cases",NA,676,676,5,5
"142","NS",2020-03-17,934,NA,NA,6,1,NA,0,NA,NA,NA,"Input",NA,941,941,7,2
"143","NS",2020-03-18,1141,NA,NA,9,3,NA,0,NA,NA,NA,"Input",NA,1153,1153,12,5
"144","NS",2020-03-19,1373,NA,NA,9,5,NA,0,NA,NA,NA,"Input",NA,1387,1387,14,2
"145","NS",2020-03-20,1546,NA,NA,10,5,NA,0,NA,NA,NA,"Input",NA,1561,1561,15,1
"146","NS",2020-03-21,1826,NA,NA,12,9,NA,0,NA,NA,NA,"Input",NA,1847,1847,21,6
"147","NS",2020-03-22,2088,NA,NA,NA,28,NA,0,NA,NA,NA,"Input",NA,2116,2116,28,7
"148","NS",2020-03-23,2308,NA,NA,NA,41,NA,0,NA,NA,NA,"Input",NA,2349,2349,41,13
"149","NS",2020-03-24,2474,NA,NA,NA,51,NA,0,NA,NA,NA,"Input",NA,2525,2525,51,10
"150","NS",2020-03-25,2772,NA,NA,NA,68,NA,0,NA,NA,NA,"Input",NA,2840,2840,68,17
"151","NS",2020-03-26,3201,NA,NA,NA,73,NA,0,NA,NA,NA,"Input",NA,3274,3274,73,5
"152","NS",2020-03-27,3649,NA,NA,NA,90,NA,0,NA,NA,NA,"Input",NA,3739,3739,90,17
"153","PEI",2020-03-15,NA,NA,NA,NA,1,NA,0,NA,NA,NA,"WBM",NA,1,1,1,NA
"154","PEI",2020-03-17,40,NA,142,NA,1,NA,0,NA,NA,NA,"WBM",NA,183,183,1,0
"155","PEI",2020-03-19,122,NA,89,NA,2,NA,0,NA,NA,NA,"https://www.princeedwardisland.ca/en/topic/covid-19",NA,213,213,2,1
"156","PEI",2020-03-20,167,NA,71,NA,2,NA,0,NA,NA,NA,"Input",NA,240,240,2,0
"157","PEI",2020-03-21,167,NA,156,NA,2,NA,0,NA,NA,NA,"Input",NA,325,325,2,0
"158","PEI",2020-03-22,231,NA,159,NA,3,NA,0,NA,NA,NA,"Input",NA,393,393,3,1
"159","PEI",2020-03-23,231,NA,166,NA,3,NA,0,NA,NA,NA,"Input",NA,400,400,3,0
"160","PEI",2020-03-24,231,NA,182,NA,3,NA,0,NA,NA,NA,"Input",NA,416,416,3,0
"161","PEI",2020-03-25,337,NA,208,NA,5,NA,0,NA,NA,NA,"Input",NA,550,550,5,2
"162","PEI",2020-03-26,339,NA,339,NA,5,NA,0,NA,NA,NA,"Input",NA,683,683,5,0
"163","PEI",2020-03-27,444,NA,167,NA,11,1,0,622,NA,NA,"Input",NA,623,623,12,7
"164","YU",2020-03-19,NA,NA,NA,NA,NA,NA,0,398,NA,NA,"https://yukon.ca/en/information-about-novel-coronavirus-yukoners",NA,0,398,0,NA
"165","YU",2020-03-20,NA,NA,NA,NA,NA,NA,0,398,NA,NA,"Input",NA,0,398,0,0
"166","YU",2020-03-21,NA,NA,NA,NA,NA,NA,0,398,NA,NA,"Input",NA,0,398,0,0
"167","YU",2020-03-22,244,NA,172,NA,2,NA,0,418,NA,NA,"Input",NA,418,418,2,2
"168","YU",2020-03-23,244,NA,172,NA,2,NA,0,418,NA,NA,"Input","Did not update",418,418,2,0
"169","YU",2020-03-24,244,NA,172,NA,2,NA,0,418,NA,NA,"Input","Did not update",418,418,2,0
"170","YU",2020-03-25,412,NA,102,NA,3,NA,0,517,NA,NA,"Input",NA,517,517,3,1
"171","YU",2020-03-26,412,NA,102,NA,3,NA,0,517,NA,NA,"Input","Did not update",517,517,3,0
"172","YU",2020-03-27,556,NA,43,NA,4,NA,0,517,NA,NA,"Input",NA,603,603,4,1
"173","NWT",2020-03-21,NA,NA,NA,NA,1,NA,NA,299,NA,NA,"https://www.hss.gov.nt.ca/en/services/coronavirus-disease-covid-19",NA,1,299,1,NA
"174","NWT",2020-03-22,NA,NA,NA,NA,1,NA,NA,370,NA,NA,"Input",NA,1,370,1,0
"175","NWT",2020-03-23,NA,NA,NA,NA,1,NA,NA,370,NA,NA,"Input","TODO: Server down",1,370,1,0
"176","NWT",2020-03-24,NA,NA,176,NA,1,NA,NA,492,NA,NA,"Input",NA,177,492,1,0
"177","NWT",2020-03-25,NA,NA,209,NA,1,NA,NA,533,NA,NA,"Input",NA,210,533,1,0
"178","NWT",2020-03-26,NA,NA,295,NA,1,NA,NA,559,NA,NA,"Input",NA,296,559,1,0
"179","NWT",2020-03-27,NA,NA,307,NA,1,NA,NA,607,NA,NA,"Input",NA,308,607,1,0
